3.023524173038940610e-01 -5.549948914615404974e-03 -1.921778660409498296e-01
2.806235010696115362e-01 -1.751119123293153057e-02 7.207035703962579032e-02
3.827085869173293964e-01 3.664407070781474096e-01 1.701750053461969711e-02
2.043782613489409927e-01 -1.874859533676347112e-01 1.780456927825644908e-01
8.149642985179350596e-02 -9.227669375182498412e-02 2.720155377796667495e-01
3.934758382619863992e-01 1.791465123501208567e-01 2.572707717438697528e-01
7.796080835750530957e-02 1.322602788733758250e-01 2.503830847174168817e-01
3.223530618857708974e-01 2.669111677139756472e-02 4.275264738324789371e-01
-3.974618903966193467e-02 -1.026476075529763055e-01 7.552548416617312910e-01
3.735429783448065422e-01 2.006669715796099152e-01 5.294300581490870572e-01
-4.043094965635883886e-01 -8.511559671989024634e-02 7.589728288613293294e-01
1.202869573813076243e-01 -2.942940404078189243e-01 7.945566235899614860e-01
-1.489892706382419663e-01 3.583085884539916055e-01 -2.843198262757233308e-01
1.710802231482177471e-01 3.191587664011933390e-01 -5.132907331162486764e-02
9.297662113792865002e-02 3.311389406722701212e-01 2.934308485309767844e-01
3.725179687341377277e-01 5.225327584485706112e-01 -1.506013293298094080e-01
7.351817686482335634e-02 3.438691236094462700e-01 5.230889294453054950e-01
4.245317541755145863e-01 6.184924307024158852e-01 2.424273860514550294e-01
-3.249604556472318606e-01 5.887064620788804437e-01 4.588554793104396845e-01
3.426554820971805526e-02 5.469366257425071209e-01 5.471334452922971270e-01
-2.163316255636281438e-03 1.799339804710836099e-01 4.651202891978448717e-01
-2.490509876397031114e-02 5.459374325724216659e-01 7.515486531161216233e-01
-1.395506910364886430e-02 7.749934427971122419e-01 1.155044656112752088e+00
9.197860233234872451e-02 5.174246515597532570e-01 1.116017399850400604e+00
9.632992674749257800e-02 7.458697183834224198e-01 1.240808521632916564e-02
1.025684114157699306e-01 1.008300922014744083e+00 8.352189193410246293e-02
-1.532568184856826221e-01 6.461425539851194388e-01 2.625077737604787353e-01
1.785778735559132580e-01 6.509749972196055001e-01 2.087824936109523022e-01
2.504611241728342264e-01 4.607100552933953153e-01 2.902614129617697158e-01
2.927826066582112086e-01 8.943059440043070740e-01 3.108689311298871716e-01
-8.172845606160510090e-02 1.008887334312974282e+00 4.354596626419525718e-01
2.090291035772064432e-01 5.450907701981855258e-01 4.460549147362343758e-01
-7.324895456780888825e-04 4.965182721412184086e-01 3.015349602178170052e-01
-1.274626799695478818e-02 8.588531655782354335e-01 5.441395368239642094e-01
-3.338890545981874902e-02 6.989974792754387600e-01 6.608739757416464133e-01
1.604894132169696341e-01 7.610068704373864623e-01 5.657262226760731982e-01
4.819407132554840989e-01 4.593925601191854724e-02 -7.185484318886520283e-02
8.103074576985646038e-01 2.009000509493418796e-01 -2.134739765113736754e-01
2.018271492105428999e-01 3.882271618570276583e-01 1.374674414248694687e-01
6.603909847646092235e-01 -6.355501303489718978e-02 2.293831826213135749e-01
5.379111231511300995e-01 -2.348677291224428032e-01 2.233774792520398511e-01
6.707609642971581465e-01 1.137211832838174036e-01 4.735710263056462921e-01
1.979938511876380147e-01 1.790151629676335898e-01 4.000978285776158883e-01
5.145297476752586086e-01 -1.983569402749128519e-01 6.172889914637265107e-01
1.340272866420022801e-01 5.555800421022642765e-02 5.342376554778530684e-01
3.128138410169569728e-01 -9.828291421088186652e-02 6.078626507869354656e-01
3.970747620975028092e-01 1.552291863917560910e-01 7.082462677758996072e-01
7.070011775891269501e-01 -8.763313382674335628e-02 1.011005115420160250e+00
2.079774031695812986e-01 1.642429373825990968e-01 -3.452782388360219334e-01
5.126631796118430451e-01 5.771308951848930224e-01 6.685853222803123108e-02
3.358531669485351756e-01 5.348571419601758636e-01 7.551334454170011146e-02
4.385962976682450942e-01 1.422863264561316510e-01 9.331406517639981302e-02
5.286859970717239232e-01 3.603166963533740441e-01 5.075778107764739033e-01
7.133472609721457358e-01 3.122034562711382133e-01 1.598187912986335224e-01
4.733728186128149384e-01 5.768937962570148681e-01 5.167186783598789468e-01
6.738960131144243748e-01 3.115821479612881917e-01 3.918378532864044694e-01
2.222032018782444107e-01 4.701843295830736569e-01 7.763226363764026416e-01
7.054627252000043036e-01 4.113800037512506114e-01 5.575438900088521832e-01
2.408077725530279878e-01 5.884014140601498966e-01 6.286203040919494667e-01
5.611799364844669569e-01 2.487335151711437264e-01 6.909099853709856909e-01
2.055091332877583277e-01 5.593320410493527461e-01 -6.536225305594373092e-02
4.866589675176146712e-01 9.386602534177045376e-01 7.857467629218964356e-02
6.038472362585298736e-01 7.681255705308148718e-01 6.964809598612167751e-02
3.863947441546732864e-01 7.399053221000090330e-01 1.017425035757435203e-01
5.465093569257338801e-01 4.925321797484312203e-01 3.410305831508526619e-01
7.141319814579910608e-01 7.664204445567466273e-01 3.083515121392320091e-01
3.711758148754553677e-01 7.504641917455872058e-01 5.245450939164076898e-01
4.820877549579579147e-01 7.956686488380136923e-01 3.905148582084060904e-01
2.934766261793991249e-01 7.396064564404000174e-01 7.133831758349236107e-01
4.400006265994730881e-01 7.511837951977451411e-01 9.122770101699585465e-01
2.977968461032451386e-01 1.206193089674244545e+00 8.570355761901380376e-01
3.659185500913297306e-01 3.483200008219805022e-01 7.588304218228145714e-01
6.525436556525849863e-01 1.985913084034289788e-01 2.800059185492326241e-02
1.047107055594072245e+00 5.156219306912903644e-01 -9.200955526382803562e-02
8.761628237986108791e-01 -1.884340512576872517e-01 4.010874179985420840e-01
1.048385544693867910e+00 -3.091663354009712705e-01 4.398122600209536381e-01
6.241955713656156535e-01 -3.836974360597941724e-01 1.862103318506646288e-01
8.986302352491439827e-01 3.144608835936405500e-01 3.431969226998761724e-01
4.485042645905151781e-01 -2.335052698206882549e-02 6.627633217132359311e-01
4.910434332023626558e-01 6.093173216900337613e-02 4.930583598017333480e-01
6.311688227119744976e-01 -2.995732038002880265e-02 5.736381999731746673e-01
8.414979353769401760e-01 1.375817575564963202e-01 5.361557405000316745e-01
6.524647505002886261e-01 8.986201786916105105e-02 7.218453438254039956e-01
9.891765122399048815e-01 5.301818806600618050e-02 6.566162579651834141e-01
5.940789074732206743e-01 1.238368834115639167e-01 3.043231238898826962e-01
9.667418762497139717e-01 3.891693325101119316e-01 1.108577079259104592e-01
7.852527542258200821e-01 4.823087889473258172e-01 3.524725549633517252e-01
8.903641621486069191e-01 -7.249435267401169170e-02 2.713121838211652870e-01
5.052446512378924171e-01 3.208549268868772231e-01 1.358687046586804226e-01
8.775970234778673884e-01 6.440903822855674754e-01 4.749542140062061879e-01
3.218341906805934904e-01 4.219983168314622168e-01 5.042708681400104309e-01
8.822678386009229490e-01 4.432727756639878725e-01 5.056601986900395307e-01
5.369976656426769246e-01 4.551211976198181741e-01 6.780333409016281454e-01
9.515101891410715496e-01 7.154914193222721153e-01 9.041047933499722911e-01
5.250435939893132176e-01 4.015787799436177918e-01 8.753671523101416163e-01
7.533206851903763157e-01 5.757785010809775006e-01 6.199558305338318531e-01
7.819152473680225368e-01 4.082932225443694496e-01 1.746160764785288991e-02
1.119623616428888857e+00 9.300349564695670201e-01 -3.169115076900743122e-01
8.244639099552273365e-01 7.531665787629896469e-01 5.897019376634682342e-02
9.477460600149018033e-01 6.246063625492971338e-01 5.196859896171879267e-02
4.638025132202386325e-01 9.813886694337509153e-01 3.079901412762339752e-01
1.157868779365853751e+00 8.749274788286791615e-01 4.276942960168130803e-01
7.249465012758031790e-01 9.647892361240332226e-01 3.910990522592202034e-01
7.270465360188614889e-01 7.668939793130721272e-01 4.953612612123253212e-01
6.123612013157994083e-01 6.447384049754635305e-01 7.235432246479360785e-01
8.393164421353107585e-01 9.642008236359999040e-01 5.890233769914842155e-01
7.937592457932755030e-01 5.204593768276187804e-01 7.909226427405273707e-01
8.085806742463319541e-01 7.809331062016039438e-01 6.606873622518965039e-01
